/**
 * File : 2775.c
 * Author : 임현 (hyunzion@gmail.com)
 * Since : 2019 - 01 - 27
*/

#include <stdio.h>
#include <string.h>

int main(void)
{
	int i, j;
	int t;
	int k;
	int n;
	int cnt = 0;
	int human[14];
	int human_new[14];

	scanf("%d", &t);
	while (t)
	{
		for (i = 0; i < 14; i++)
		{
			human[i] = i + 1;
		}

		scanf("%d", &k);
		scanf("%d", &n);

		for (i = 0; i < k; i++)
		{
			for (j = 0; j < n; j++)
			{
				if (j == 0)
					human_new[j] = 1;
				else
					human_new[j] = human_new[j - 1] + human[j];
			}

			memcpy(human, human_new, sizeof(human_new));
		}

		printf("%d\n", human_new[n - 1]);

		t--;
	}

	return 0;
}

/*
0	1	2	3	4	5	6	7	8	9	10	11	12	13	14
1	1	3	6	10	15	21	28	36	45	55	66	78	91	105
2	1	4	10	20	35	56	84	120	165	220	286	364	455	560
3	1	5	15	35	70	126	210	330	495	715	1001	1365	1820	2380
4	1	6	21	56	126	252	462	792	1287	2002	3003	4368	6188	8568
5	1	7	28	84	210	462	924	1716	3003	5005	8008	12376	18564	27132
6	1	8	36	120	330	792	1716	3432	6435	11440	19448	31824	50388	77520
7	1	9	45	165	495	1287	3003	6435	12870	24310	43758	75582	125970	203490
8	1	10	55	220	715	2002	5005	11440	24310	48620	92378	167960	293930	497420
9	1	11	66	286	1001	3003	8008	19448	43758	92378	184756	352716	646646	1144066
10	1	12	78	364	1365	4368	12376	31824	75582	167960	352716	705432	1352078	2496144
11	1	13	91	455	1820	6188	18564	50388	125970	293930	646646	1352078	2704156	5200300
12	1	14	105	560	2380	8568	27132	77520	203490	497420	1144066	2496144	5200300	10400600
13	1	15	120	680	3060	11628	38760	116280	319770	817190	1961256	4457400	9657700	20058300
14	1	16	136	816	3876	15504	54264	170544	490314	1307504	3268760	7726160	17383860	37442160
*/
